0.373671684418041835793492002977048270185388047100339456914006476	-0.08896231568893569828046092718452257819698422370016087284739442299
0.3467109968791634397176753597333357803848004993677574646672795947	-0.2739148752912348173495602221381792747477538250973723343650163577
0.3010534546123663938020036088800677804011339963412727765376066809	-0.4782769832230718099841828307226313537843110402128836872035719744
0.2515049621855905894555404478718900095428237014148124372001906708	-0.7051482024334953685861970504385768365925088223408284254870787101
0.2075145798130655795330686792528090675434578830185504073884693702	-0.9468448908663515472853621177822172293036691018831430809697865618
0.1692994030930436605438064692802787986095089753942994380769044783	-1.195608054135846807847460029671733713789664087364734725768938026
0.133252340245188023348782689183331048477488073302513757538492003	-1.447910626162038157994807397415596607732701351679603627487463088
0.0928223336702009451175819699089234479504316239438075743950226453	-1.703841172206135527001006936060433367764526852046619826404728318
-0.01532450476065008068390068122630652156036002067574250219471718394	-1.998411841858943243483795868185565268928321196767124255028635379
0.06326350512560599307041854973803947615409914113189993004957635527	-2.302644765158540496127753612498062689915446631886752819863559879
0.07655346288598616222699244004758942678740519775733675807379977984	-2.560826617381505700571821673666641829202962938051184467957496171
0.08259814464162899247280558795019159597751759004690718058111981972	-2.81544237260798779561811695120295240578544531026297355173451183
0.08572792206331741216236497106252507427886140864555912347282636219	-3.068694743931190171597761590173332139968885624029578243867064476
0.08739426237359949664425771196150006647458257086527509072980458411	-3.321230238432559244699194974444038809786142944448327886370357624
0.08823894076058751745528414816504744157521842944586606195783101891	-3.573320698307922546217728396493026894740751514379838370268845536
0.08859038712016865336254864743005300573325974990315046570727279362	-3.825105208145405895783593534939576616993861450596150611772623302
0.08863290245937937209000721310829348539525851666577950860119390449	-4.076664588675445040507177827408641968181863934390464980923134964
0.08847670657510741159962951197835023643950779038778347226731907036	-4.328050209552675275849267004189974209598913826097293453326092414
0.08819084812397537626287124744398350776337127513780740651065526149	-4.579296956899633027006230725351397075166966639301331412676213596
0.08782012413064599474191943375242602054106701339549939203713874917	-4.830429749071317222164632732315824913977975464780922089634359222
0.08739438826000293818426223124265688949221848309328940445924913914	-5.081467099508646547457768593453165169470343724260925925089597335
